0 0.0525965379494008 0.4946737683089214 0.1051930758988016 0.17976031957390148
0 0.09320905459387484 0.3974700399467377 0.1677762982689747 0.14780292942743017
2 0.5046604527296938 0.2003994673768309 0.11717709720372844 0.1291611185086551
2 0.6957390146471372 0.27496671105193077 0.20639147802929422 0.23568575233022634
2 0.6384820239680427 0.47669773635153123 0.12916111850865505 0.12516644474034613
2 0.7949400798934754 0.5512649800266312 0.20505992010652477 0.2130492676431426
2 0.44007989347536614 0.6045272969374167 0.19840213049267633 0.23169107856191742
1 0.2669773635153129 0.2856191744340879 0.1904127829560586 0.19307589880159784
1 0.8728362183754993 0.3621837549933422 0.11584553928095886 0.13049267643142484
1 0.17909454061251665 0.5732356857523303 0.12916111850865514 0.13981358189081228
