3 0.6258322237017311 0.41744340878828223 0.21304926764314247 0.20639147802929422
3 0.2583222370173102 0.3601864181091877 0.1278295605858855 0.12916111850865516
0 0.8974700399467378 0.459387483355526 0.141145139813582 0.17310252996005318
0 0.6904127829560587 0.6191744340878829 0.19573901464713722 0.19440745672436754
2 0.4840213049267643 0.2756324900133156 0.20639147802929428 0.23701731025299602
2 0.35419440745672437 0.511318242343542 0.11717709720372842 0.12516644474034622
2 0.14247669773635152 0.5472703062583223 0.13315579227696403 0.1304926764314248
2 0.42543275632490013 0.6258322237017311 0.10519307589880159 0.151797603195739
1 0.07856191744340879 0.3621837549933422 0.15446071904127828 0.19973368841544603
4 0.7523302263648469 0.3095872170439414 0.1198402130492677 0.1717709720372836
