3 0.8488681757656458 0.3175765645805593 0.23568575233022643 0.21438082556591212
0 0.3488681757656459 0.4101198402130488 0.29027962716378153 0.30359520639147775
2 0.6604527296937417 0.5652463382157124 0.1944074567243674 0.23834886817576562
4 0.5153129161118509 0.6611185086551266 0.18375499334221032 0.2330226364846871
4 0.0559254327563249 0.4241011984021305 0.1118508655126498 0.23302263648468713
1 0.9314247669773635 0.4713715046604527 0.12649800266311573 0.1997336884154462
1 0.5992010652463382 0.3888149134487351 0.1358189081225035 0.11984021304926763
1 0.42942743009320905 0.27629826897470044 0.19573901464713714 0.17709720372836224
1 0.13981358189081225 0.34820239680426096 0.10652463382157124 0.12916111850865516
1 0.2762982689747004 0.6005326231691079 0.1531291611185087 0.13049267643142484
