3 0.7057256990679095 0.4647137150466045 0.12516644474034622 0.151797603195739
0 0.525965379494008 0.4786950732356858 0.16245006657789618 0.18774966711051932
2 0.8914780292942743 0.37017310252996005 0.20639147802929414 0.2529960053262317
2 0.8122503328894808 0.5639147802929427 0.14913448735019968 0.14513981358189085
2 0.4700399467376831 0.6944074567243674 0.1438082556591212 0.1478029294274301
2 0.37150466045272973 0.32889480692410117 0.2210386151797603 0.25033288948069243
4 0.6258322237017311 0.19640479360852198 0.18109187749667113 0.23568575233022637
4 0.28695073235685753 0.5992010652463382 0.10785619174434093 0.1358189081225035
4 0.1844207723035952 0.4733688415446072 0.11584553928095871 0.14247669773635152
0 0.04660452729693742 0.38149134487350195 0.085219707057257 0.2809587217043941
