3 0.09853528628495338 0.43342210386151797 0.18641810918774965 0.20639147802929428
3 0.22969374167776302 0.2996005326231691 0.2197070572569907 0.2237017310252996
3 0.4187749667110519 0.5126498002663116 0.12649800266311587 0.12516644474034622
3 0.9234354194407457 0.44540612516644473 0.15312916111850852 0.21438082556591212
0 0.6478029294274301 0.4773635153129161 0.14780292942743004 0.17976031957390148
0 0.7822902796271637 0.3169107856191744 0.24101198402130491 0.2982689747003994
2 0.5712383488681756 0.20106524633821565 0.21837549933422096 0.2237017310252995
2 0.34687083888149134 0.6697736351531292 0.14247669773635152 0.13049267643142465
4 0.4793608521970706 0.3581890812250333 0.18375499334221046 0.2396804260985353
1 0.7276964047936084 0.5679094540612517 0.1131824234354194 0.11318242343541945
