3 0.374167776298269 0.23568575233022634 0.24500665778961386 0.21571238348868174
3 0.24900133155792276 0.41544607190412786 0.133155792276964 0.12250332889480689
0 0.6977363515312917 0.28029294274300937 0.16511318242343542 0.1797603195739015
0 0.8089214380825566 0.43874833555259685 0.13715046604527337 0.18774966711051938
0 0.29494007989347537 0.6031957390146472 0.18508655126498003 0.18375499334221032
3 0.4380825565912117 0.6864181091877497 0.1757656458055925 0.2010652463382158
2 0.7430093209054595 0.5832223701731025 0.19973368841544611 0.22103861517976028
4 0.9620505992010652 0.49400798934753665 0.07589880159786958 0.14114513981358187
1 0.5525965379494008 0.5059920106524635 0.1384820239680426 0.11451398135818913
1 0.05259653794940079 0.41011984021304954 0.10519307589880159 0.18908122503328897
