3 0.22503328894806926 0.478029294274301 0.20239680426098539 0.20239680426098539
3 0.3415446071904128 0.5958721704394141 0.19573901464713717 0.17976031957390148
3 0.6278295605858856 0.4161118508655126 0.20639147802929422 0.15579227696404793
0 0.6844207723035953 0.5852197070572571 0.3169107856191745 0.28894806924101213
2 0.7749667110519308 0.31890812250332895 0.11717709720372838 0.12916111850865508
2 0.833555259653795 0.4194407456724367 0.12782956058588554 0.11717709720372838
4 0.4880159786950732 0.32889480692410117 0.1264980026631158 0.14114513981358182
0 0.17043941411451397 0.322237017310253 0.2902796271637816 0.3009320905459387
1 0.5619174434087884 0.17842876165113183 0.21038615179760328 0.1944074567243675
1 0.8794940079893476 0.5565912117177098 0.1131824234354194 0.12516644474034627
