3 0.7436750998668441 0.3328894806924101 0.12649800266311587 0.11984021304926767
3 0.822237017310253 0.5459387483355527 0.13448735019973357 0.1411451398135818
3 0.4374167776298269 0.6031957390146472 0.11850865512649804 0.12782956058588568
0 0.3262316910785619 0.303595206391478 0.17576564580559254 0.1731025299600533
2 0.5379494007989348 0.22836218375499334 0.11717709720372838 0.1318242343541944
2 0.670439414114514 0.4241011984021305 0.13182423435419444 0.14513981358189085
4 0.9420772303595206 0.4647137150466045 0.11318242343541954 0.151797603195739
1 0.4880159786950732 0.4487350199733689 0.17709720372836216 0.17576564580559256
1 0.20239680426098533 0.5213049267643143 0.20505992010652463 0.2143808255659122
1 0.05326231691078562 0.40479360852197077 0.10652463382157124 0.207723035952064
