4 0.04327563249001331 0.4181091877496671 0.08122503328894806 0.23701731025299602
3 0.6384820239680427 0.4846870838881492 0.12916111850865505 0.11451398135818906
0 0.24900133155792276 0.3029294274300932 0.1411451398135819 0.18242343541944073
0 0.1584553928095872 0.547936085219707 0.14114513981358187 0.16378162450066583
2 0.48934753661784286 0.6984021304926764 0.14247669773635152 0.13715046604527295
2 0.41877496671105197 0.41344873501997326 0.18774966711051935 0.24900133155792276
1 0.5412782956058588 0.1884154460719041 0.2090545938748336 0.21704394141145136
1 0.7949400798934754 0.30825565912117175 0.21571238348868177 0.2090545938748336
1 0.8661784287616512 0.4766977363515313 0.1930758988015978 0.21038615179760328
1 0.3335552596537949 0.5532623169107856 0.10785619174434086 0.11850865512649804
