3 0.6511318242343542 0.4434087882822903 0.12250332889480689 0.13315579227696403
0 0.4620505992010652 0.5938748335552597 0.24766977363515308 0.26897470039946747
0 0.07789613848202397 0.4121171770972037 0.15046604527296936 0.1904127829560586
2 0.22303595206391477 0.3262316910785619 0.20372836218375504 0.2237017310252996
2 0.14913448735019974 0.5199733688415447 0.13315579227696406 0.1344873501997337
2 0.8568575233022636 0.37283621837549935 0.1344873501997337 0.14913448735019974
2 0.9467376830892144 0.48934753661784286 0.10386151797603191 0.15579227696404793
4 0.4087882822902796 0.4207723035952064 0.10386151797603198 0.1065246338215713
4 0.5492676431424767 0.3155792276964048 0.16644474034620507 0.24234354194407456
1 0.7762982689747004 0.5039946737683089 0.18375499334221046 0.2010652463382158
