3 0.7163781624500666 0.6011984021304927 0.1331557922769639 0.13182423435419452
3 0.9460719041278296 0.44141145139813587 0.10785619174434088 0.2143808255659122
3 0.1478029294274301 0.48601864181091886 0.19440745672436752 0.20239680426098539
3 0.4087882822902796 0.5119840213049267 0.1890812250332889 0.20905459387483355
2 0.581225033288948 0.20772303595206387 0.2117177097203728 0.23169107856191742
4 0.7956058588548602 0.38082556591211714 0.13182423435419424 0.1384820239680426
4 0.485352862849534 0.6378162450066579 0.1744340878828229 0.2316910785619175
4 0.04527296937416777 0.42743009320905456 0.08521970705725698 0.16245006657789623
1 0.30559254327563246 0.35685752330226367 0.20372836218375498 0.19174434087882827
1 0.521970705725699 0.32689747003994674 0.13848202396804254 0.12649800266311587
