0 0.12982689747003998 0.30692410119840213 0.25699067909454065 0.3102529960053262
2 0.20639147802929428 0.5838881491344874 0.13581890812250338 0.13715046604527303
0 0.3854860186418109 0.2689747003994674 0.14247669773635152 0.1651131824234354
4 0.6178428761651132 0.21304926764314247 0.12250332889480689 0.13581890812250333
2 0.7503328894806924 0.3089214380825566 0.20106524633821565 0.2237017310252996
4 0.5246338215712388 0.373501997336884 0.16777629826897486 0.24101198402130478
4 0.3029294274300932 0.4394141145139814 0.09986684420772306 0.13315579227696397
1 0.6897470039946738 0.511318242343542 0.13049267643142484 0.1198402130492677
3 0.4487350199733688 0.6937416777629827 0.1304926764314247 0.14647137150466044
0 0.9307589880159788 0.44340878828229024 0.13848202396804268 0.3009320905459387
