3 0.21504660452729696 0.29294274300932094 0.19573901464713714 0.23968042609853535
3 0.322237017310253 0.6131824234354195 0.12250332889480692 0.13182423435419438
1 0.06125166444740346 0.47203728362183756 0.11984021304926763 0.17976031957390148
2 0.5213049267643143 0.22902796271637818 0.1158455392809588 0.13848202396804263
2 0.6091877496671105 0.30758988015978694 0.19840213049267647 0.22103861517976028
4 0.6924101198402132 0.4600532623169108 0.1065246338215713 0.1531291611185087
4 0.9121171770972037 0.488681757656458 0.17310252996005318 0.23968042609853518
1 0.49467376830892135 0.4227696404793608 0.11584553928095868 0.11051930758988013
1 0.37882822902796265 0.47070572569906793 0.18508655126498008 0.18774966711051932
1 0.17110519307589878 0.5505992010652463 0.1158455392809587 0.11584553928095864
