3 0.27030625832223704 0.34487350199733696 0.12516644474034622 0.1331557922769641
0 0.6424766977363515 0.5905459387483356 0.17976031957390148 0.16910785619174448
0 0.7902796271637818 0.3282290279627164 0.2703062583222372 0.2862849533954728
0 0.20239680426098533 0.5499334221038614 0.17310252996005324 0.1837549933422104
2 0.8768308921438083 0.4826897470039947 0.2117177097203728 0.21970705725699063
4 0.5199733688415447 0.4540612516644474 0.10785619174434097 0.1304926764314248
4 0.41211717709720375 0.3901464713715046 0.10785619174434082 0.1384820239680426
4 0.09920106524633822 0.42609853528628494 0.17177097203728361 0.22370173102529953
1 0.5792276964047935 0.22902796271637818 0.1944074567243675 0.23169107856191742
1 0.3575233022636485 0.611185086551265 0.11584553928095871 0.12782956058588554
