0 0.12583222370173103 0.5339547270306259 0.17709720372836218 0.19174434087882822
4 0.47470039946737685 0.5499334221038615 0.15046604527296942 0.15446071904127834
4 0.7350199733688416 0.5505992010652464 0.22370173102529975 0.2463382157123835
4 0.6051930758988017 0.3901464713715046 0.20639147802929428 0.2609853528628495
4 0.814247669773635 0.31158455392809586 0.2170439414114513 0.2583222370173102
4 0.07723035952063914 0.37549933422103865 0.14647137150466044 0.28229027962716385
1 0.2609853528628496 0.29760319573901467 0.23169107856191748 0.22237017310253
1 0.5199733688415447 0.24700399467376827 0.25166444740346205 0.19840213049267638
2 0.3195739014647137 0.607190412782956 0.19174434087882822 0.25299600532623173
2 0.9340878828229029 0.4733688415446072 0.11850865512649804 0.270306258322237
